0.1583546
-0.1503337
0.5481442
-1.144508
-0.487572
-0.4247395
-0.002710819
0.530926
0.2883117
1.098941
-0.6810062
-1.07551
1.892198
0.5574237
0.01034564
-0.4163785
-1.173882
0.3710361
0.5822994
0.1466321
0.4662503
1.71831
0.3455672
-2.24457
-1.344886
-0.5138655
-0.9103473
1.906997
-0.7817621
-0.01969653
0.008176565
This is an already functioning Example. If you copy the numbers into the Save.txt it will work straing away




-0.7185685
0.316529
1.196102
0.5176073
0.1444254
0.2379413
1.903302
0.9442471
-0.5456628
0.9337991
-0.4523727
-0.963637
-0.2447837
0.3237368
-0.6904618
-0.09578562
0.2919969
-0.4432178
0.3825616
-0.3223432
-1.694589
-1.011874
0.3352537
0.329576
0.1544192
-0.5147941
-0.1710751
-2.355822
-0.6836322
-0.6612697
-0.4638781
